77 hits shown

192,-25,29,-508
194,-22,29,-509
196,-24,27,-512
198,-22,31,-511
200,-23,29,-507
201,-26,28,-512
203,-23,30,-511
205,-25,27,-507
207,-22,28,-507
209,-22,27,-509
210,-24,27,-511
212,-25,27,-509
215,-24,26,-509
217,-25,29,-512
219,-25,28,-511
221,-22,27,-510
222,-23,27,-510
224,-23,29,-510
226,-23,28,-513
228,-24,29,-509
230,-29,28,-510
232,-25,26,-514
233,-22,29,-513
235,-24,26,-512
237,-26,27,-509
239,-25,27,-505
241,-24,26,-510
243,-24,24,-511
244,-24,26,-507
246,-24,29,-509
248,-23,25,-505
250,-24,29,-511
252,-22,27,-510
253,-24,28,-513
256,-24,29,-512
258,-25,26,-510
260,-23,28,-508
262,-25,28,-510
264,-25,29,-511
265,-25,31,-509
267,-25,27,-509
269,-24,31,-516
271,-26,26,-508
273,-23,26,-507
275,-25,27,-508
276,-23,27,-508
278,-25,30,-513
280,-26,29,-511
282,-25,26,-510
284,-24,30,-511
286,-25,26,-513
287,-25,31,-510
289,-23,27,-509
291,-25,28,-508
293,-23,25,-509
295,-24,29,-511
296,-24,27,-511
299,-24,29,-508
301,-25,31,-512
303,-24,29,-512
305,-24,29,-511
307,-25,26,-510
308,-23,26,-507
310,-24,26,-510
312,-24,27,-511
314,-25,27,-509
316,-25,31,-510
318,-25,28,-509
319,-23,25,-510
321,-22,29,-509
323,-22,27,-512
325,-22,28,-510
327,-27,27,-511
329,-25,28,-509
330,-25,27,-510
332,-23,29,-512
334,-25,28,-511
336,-25,27,-510
338,-24,28,-513
340,-24,29,-508
342,-24,26,-510
344,-23,26,-507
346,-21,28,-512
348,-24,27,-510
350,-26,27,-510
351,-22,28,-512
353,-23,29,-511
355,-22,26,-512
357,-22,29,-510
359,-23,30,-512
361,-24,28,-511
362,-24,29,-510
364,-25,28,-510
366,-21,28,-507
368,-24,29,-509
370,-21,30,-508
372,-25,29,-510
373,-25,27,-506
375,-23,28,-509
377,-24,26,-510
379,-23,32,-511
381,-25,26,-511
384,-25,29,-511
385,-27,30,-511
387,-22,30,-509
389,-25,28,-510
391,-24,28,-511
393,-24,30,-509
395,-26,27,-510
396,-26,32,-509
398,-24,29,-510
400,-24,31,-511
402,-23,27,-510
404,-25,25,-512
405,-26,26,-510
407,-24,28,-507
409,-25,26,-508
411,-25,29,-508
413,-26,28,-510
415,-23,28,-511
416,-24,28,-513
418,-26,28,-510
420,-26,30,-508
422,-24,29,-507
424,-24,30,-511
427,-23,28,-509
428,-23,28,-509
430,-26,26,-511
432,-22,25,-511
434,-21,27,-509
436,-24,30,-511
438,-22,27,-509
439,-24,28,-511
441,-24,28,-511
443,-22,26,-507
445,-22,30,-511
447,-23,26,-510
448,-25,29,-513
450,-27,29,-511
452,-25,28,-509
454,-24,28,-509
456,-22,29,-507
458,-24,28,-511
459,-22,29,-513
461,-24,27,-510
463,-21,28,-511
465,-22,27,-510
467,-23,29,-512
470,-26,26,-509
471,-24,29,-508
473,-22,28,-507
475,-24,30,-510
477,-25,27,-510
479,-26,27,-511
481,-25,27,-508
482,-24,29,-512
484,-21,29,-511
486,-23,30,-509
488,-24,29,-513
490,-24,28,-510
492,-21,27,-508
493,-24,28,-509
495,-23,26,-512
497,-24,28,-512
499,-23,29,-506
501,-25,28,-509
502,-21,26,-511
504,-22,28,-509
506,-25,29,-513
508,-24,26,-509
510,-23,28,-508
513,-24,27,-510
514,-25,27,-511
516,-25,28,-511
518,-23,26,-512
520,-24,25,-512
522,-24,28,-511
524,-23,27,-509
525,-24,26,-507
527,-21,27,-510
529,-26,26,-508
531,-24,30,-510
533,-24,27,-509
535,-22,26,-510
536,-22,29,-511
538,-24,28,-510
540,-23,29,-509
542,-25,27,-512
544,-25,29,-512
546,-23,28,-509
547,-25,28,-508
549,-24,27,-512
551,-24,30,-513
553,-25,28,-512
556,-23,29,-506
557,-25,30,-511
559,-23,31,-508
561,-25,29,-508
563,-25,26,-509
565,-25,28,-509
567,-26,26,-512
568,-26,27,-511
570,-25,26,-510
572,-23,28,-509
574,-25,28,-510
576,-24,28,-511
578,-24,26,-509
579,-24,27,-508
581,-24,27,-511
583,-25,29,-512
585,-25,28,-511
587,-23,27,-510
589,-24,28,-509
590,-23,28,-509
592,-25,29,-509
594,-25,27,-510
596,-24,29,-510
599,-24,27,-511
601,-24,27,-513
602,-24,26,-511
604,-21,30,-509
606,-23,29,-511
608,-26,27,-509
610,-23,27,-509
612,-26,28,-508
613,-24,29,-511
615,-23,27,-510
617,-25,29,-512
619,-25,26,-511
621,-23,30,-511
Accel reponse timeout: 1
634,-23,25,-509
636,-25,29,-509
637,-25,30,-508
640,-25,29,-510
642,-24,27,-510
644,-23,28,-509
646,-24,28,-510
648,-26,30,-513
649,-24,28,-511
651,-26,29,-507
653,-28,31,-510
655,-25,27,-509
657,-25,26,-506
659,-23,28,-509
660,-26,27,-512
662,-24,29,-510
664,-23,30,-513
666,-26,28,-514
668,-24,27,-513
669,-23,30,-509
671,-24,30,-509
673,-24,29,-511
675,-24,27,-509
677,-25,26,-511
679,-24,27,-509
680,-25,30,-511
683,-25,26,-510
685,-25,28,-513
687,-23,28,-509
689,-24,31,-511
691,-23,28,-508
692,-23,31,-510
694,-23,26,-511
696,-24,28,-506
698,-25,26,-510
700,-24,28,-509
702,-24,27,-510
703,-26,30,-509
705,-21,27,-510
707,-21,29,-508
709,-24,30,-511
711,-23,28,-508
713,-24,25,-511
714,-26,27,-510
716,-25,29,-514
718,-24,26,-511
720,-24,27,-511
722,-25,28,-510
723,-28,28,-510
726,-24,27,-508
728,-25,30,-511
730,-25,28,-509
732,-24,29,-510
734,-24,28,-511
735,-25,29,-510
737,-25,28,-511
739,-24,27,-514
741,-26,28,-509
743,-24,26,-512
745,-25,26,-509
746,-26,28,-513
748,-23,28,-512
750,-23,27,-511
Accel reponse timeout: 2
763,-23,27,-507
765,-22,27,-511
766,-23,26,-511
769,-24,28,-511
Accel reponse timeout: 3
782,-24,26,-512
784,-22,27,-507
785,-24,29,-509
787,-24,31,-510
789,-25,26,-513
791,-26,30,-511
793,-20,30,-509
795,-22,29,-509
796,-26,27,-507
798,-22,27,-510
800,-24,26,-508
802,-25,31,-510
804,-23,29,-511
806,-25,29,-510
807,-24,30,-513
809,-25,29,-511
812,-23,27,-509
814,-26,28,-510
816,-24,26,-505
817,-24,26,-511
819,-24,27,-509
821,-26,27,-507
823,-24,28,-508
825,-27,29,-510
827,-21,27,-509
828,-23,28,-510
830,-22,30,-509
832,-26,29,-511
834,-22,26,-509
836,-24,28,-510
838,-26,25,-510
839,-26,27,-513
841,-22,27,-511
843,-23,31,-506
845,-25,29,-509
847,-24,27,-511
849,-27,27,-512
850,-25,29,-508
852,-24,26,-511
855,-25,27,-511
857,-24,26,-513
859,-22,28,-510
861,-25,26,-509
862,-25,28,-510
864,-25,28,-512
866,-24,26,-510
868,-25,27,-509
870,-24,29,-511
871,-24,28,-510
873,-23,27,-512
875,-24,26,-510
877,-24,31,-508
879,-23,27,-512
881,-26,29,-509
882,-23,29,-512
884,-25,30,-512
886,-22,26,-510
888,-22,28,-508
890,-23,26,-510
892,-25,29,-512
893,-25,29,-513
896,-25,26,-511
898,-23,26,-513
900,-26,28,-509
902,-26,30,-510
904,-25,30,-514
905,-23,28,-513
907,-28,28,-509
909,-24,27,-511
911,-26,27,-509
913,-24,30,-508
915,-25,26,-512
916,-25,30,-509
918,-24,31,-511
920,-23,26,-510
922,-23,26,-512
924,-26,27,-511
925,-26,26,-511
927,-22,25,-510
929,-26,26,-509
931,-24,29,-508
933,-26,29,-510
935,-23,30,-509
936,-26,28,-510
939,-25,29,-510
941,-25,30,-513
943,-23,28,-510
945,-22,30,-510
947,-23,27,-510
948,-24,29,-509
950,-24,29,-512
952,-24,30,-510
954,-24,29,-512
956,-23,26,-509
958,-27,29,-510
959,-22,27,-510
961,-26,29,-508
963,-26,27,-511
965,-24,27,-508
967,-23,26,-509
969,-25,30,-512
970,-23,26,-507
972,-24,27,-510
974,-24,30,-511
976,-23,29,-512
978,-23,30,-510
979,-23,30,-508
982,-27,30,-508
984,-23,32,-509
986,-24,28,-509
988,-25,28,-509
990,-23,30,-509
991,-24,26,-511
993,-25,28,-511
995,-25,29,-509
997,-25,28,-514
999,-24,31,-506
1001,-25,26,-512
1002,-26,30,-511
1004,-24,26,-511
1006,-21,28,-510
1008,-23,26,-510
1010,-25,28,-510
1012,-27,31,-510
1014,-22,29,-511
1016,-25,28,-510
1017,-24,29,-512
1019,-22,27,-510
1021,-23,27,-513
1024,-26,30,-509
1026,-24,24,-510
1028,-21,28,-510
1030,-21,27,-509
1032,-23,29,-511
1033,-23,31,-514
1035,-20,28,-510
1037,-23,28,-509
1039,-25,28,-510
1041,-27,26,-510
1043,-24,29,-510
1045,-24,27,-511
1046,-25,26,-510
1048,-22,30,-510
1050,-23,28,-510
1052,-27,29,-513
1054,-25,27,-510
1056,-24,26,-510
1058,-25,26,-511
1060,-23,27,-512
1061,-23,25,-511
1063,-24,33,-510
1065,-25,29,-511
1068,-24,29,-509
1070,-25,29,-508
1072,-24,26,-508
1074,-25,28,-512
1076,-23,28,-507
1077,-24,30,-512
1079,-23,28,-508
1081,-28,28,-511
1083,-27,26,-514
1085,-24,28,-512
1087,-24,27,-509
1089,-26,27,-509
1091,-25,28,-509
1092,-25,29,-512
1094,-24,29,-509
1096,-27,30,-512
1098,-22,26,-511
1100,-26,28,-508
1102,-24,29,-511
1104,-24,31,-513
1105,-24,27,-514
1107,-25,28,-509
1110,-22,26,-509
1112,-26,26,-510
1114,-24,29,-514
1116,-25,27,-509
1118,-24,29,-510
1120,-25,28,-508
1121,-23,31,-510
1123,-26,27,-513
1125,-24,30,-512
1127,-25,29,-510
1129,-23,26,-506
1131,-23,29,-511
1133,-21,29,-508
1135,-27,30,-511
1136,-25,28,-510
1138,-25,30,-510
1140,-23,27,-509
1142,-26,28,-510
1144,-25,29,-512
1146,-24,27,-513
1148,-26,27,-507
1150,-21,28,-507
1152,-25,28,-511
1154,-25,27,-509
1156,-22,27,-511
1158,-25,28,-508
1160,-25,28,-510
1162,-25,28,-510
1164,-25,27,-509
1165,-24,27,-511
1167,-26,25,-509
1169,-25,29,-511
1171,-23,32,-511
1173,-21,29,-513
1175,-22,29,-510
1177,-23,27,-507
1179,-22,27,-510
1180,-23,28,-511
1182,-22,27,-509
1184,-25,28,-509
1186,-26,29,-510
1188,-25,29,-509
1190,-24,29,-511
1192,-24,26,-513
1195,-25,28,-511
1196,-25,28,-510
1198,-23,30,-508
1200,-25,30,-509
1202,-24,28,-511
1204,-23,27,-507
1206,-23,25,-510
1208,-22,32,-510
1210,-25,26,-509
1211,-25,27,-512
1213,-23,26,-512
1215,-25,30,-507
1217,-25,30,-511
1219,-29,30,-513
1221,-23,28,-510
1223,-24,26,-508
1224,-24,29,-507
1226,-25,28,-512
1228,-23,28,-510
1230,-24,25,-510
1232,-23,28,-511
1234,-23,23,-508
1236,-23,29,-511
1239,-21,27,-510
1240,-24,25,-510
1242,-25,28,-510
1244,-25,27,-513
1246,-24,28,-505
1248,-23,28,-511
1250,-24,31,-509
1252,-24,29,-509
1254,-24,28,-510
1255,-24,28,-511
1257,-26,27,-506
1259,-22,27,-507
1261,-25,28,-510
1263,-25,28,-508
1265,-22,25,-510
1267,-25,30,-508
1269,-24,29,-512
1270,-25,28,-509
1272,-23,28,-507
1274,-24,30,-510
1276,-25,27,-509
1278,-22,31,-510
1281,-24,27,-507
1283,-25,28,-512
1284,-28,30,-510
1286,-25,25,-511
1288,-27,27,-512
1290,-24,27,-511
1292,-22,28,-512
1294,-21,26,-509
1296,-25,26,-513
1298,-25,26,-507
1299,-24,27,-510
1301,-22,26,-510
1303,-24,30,-511
1305,-25,26,-511
1307,-22,28,-504
1309,-23,28,-511
1311,-24,29,-510
1313,-26,28,-511
1314,-26,28,-511
1316,-22,28,-510
1318,-23,28,-510
1320,-23,27,-511
1323,-24,28,-509
1325,-24,29,-511
1327,-26,28,-510
1329,-24,28,-509
1330,-24,27,-511
1332,-27,29,-511
1334,-22,26,-511
1336,-26,28,-508
1338,-25,27,-511
1340,-25,27,-508
1342,-27,29,-514
1343,-25,28,-506
1345,-25,29,-513
1347,-23,27,-512
1349,-22,27,-507
1351,-25,27,-508
1353,-24,32,-510
1355,-23,28,-508
1357,-25,29,-510
1358,-23,30,-510
1360,-25,27,-511
1362,-24,26,-512
1364,-24,26,-509
1367,-24,29,-510
1369,-25,30,-510
1371,-23,25,-510
1373,-24,29,-511
1374,-23,25,-510
1376,-24,30,-512
1378,-22,26,-513
1380,-26,29,-514
1382,-24,26,-510
1384,-26,30,-511
1386,-26,33,-513
1387,-22,28,-512
1389,-25,29,-509
1391,-23,27,-509
1393,-25,28,-509
1395,-22,26,-510
1397,-24,28,-512
1399,-25,30,-510
1401,-25,28,-512
1402,-26,30,-509
1404,-25,28,-511
1406,-24,28,-508
1409,-23,30,-512
1411,-24,29,-511
1413,-24,29,-512
1415,-25,28,-510
1417,-25,29,-508
1418,-25,27,-511
1420,-26,29,-508
1422,-23,29,-509
1424,-21,29,-510
1426,-22,28,-511
1428,-24,28,-511
1430,-23,30,-511
1431,-24,29,-508
1433,-25,28,-513
1435,-26,30,-512
1437,-28,26,-510
1439,-27,26,-510
1441,-23,27,-511
1443,-25,29,-510
1445,-26,30,-507
1446,-24,28,-509
1448,-24,28,-510
1451,-24,29,-512
1453,-25,29,-512
1455,-24,29,-508
1457,-25,30,-510
1459,-25,28,-509
1461,-23,27,-509
1462,-22,28,-509
1464,-27,27,-510
1466,-25,27,-509
1468,-24,29,-512
1470,-23,28,-511
1472,-24,29,-510
1474,-23,28,-513
1475,-24,28,-509
1477,-26,25,-508
1479,-23,30,-508
1481,-24,27,-510
1483,-24,26,-511
1485,-27,28,-510
1487,-22,27,-510
1489,-22,27,-510
1490,-22,28,-509
1492,-22,28,-509
1495,-26,28,-509
1497,-26,31,-510
1499,-23,26,-510
1501,-25,27,-511
1503,-25,29,-510
1505,-24,27,-510
1506,-25,31,-511
1508,-23,26,-509
1510,-25,29,-509
1512,-25,28,-510
1514,-24,26,-512
1516,-23,29,-508
1518,-26,28,-513
1520,-24,28,-513
1521,-22,25,-511
1523,-25,27,-505
1525,-24,29,-509
1527,-23,28,-510
1529,-23,28,-510
1531,-21,33,-511
1533,-24,30,-510
1536,-24,29,-511
1537,-23,27,-510
1539,-24,27,-512
1541,-23,32,-510
1543,-25,31,-510
1545,-22,29,-510
1547,-21,26,-512
1549,-23,27,-510
1550,-24,27,-510
1552,-25,26,-511
1554,-24,30,-512
1556,-24,26,-509
1558,-25,28,-512
1560,-26,30,-512
1562,-24,28,-510
1564,-23,26,-508
1565,-27,26,-509
1567,-24,28,-511
1569,-24,30,-509
1571,-24,28,-509
1573,-25,25,-508
1575,-24,28,-508
1577,-21,25,-508
1580,-25,28,-510
1581,-26,29,-510
1583,-24,27,-514
1585,-25,28,-511
1587,-23,27,-512
1589,-22,26,-509
1591,-23,27,-509
1593,-24,25,-509
1595,-23,28,-512
1596,-23,27,-511
1598,-25,26,-511
1600,-23,26,-509
1602,-26,27,-510
1604,-23,28,-511
1606,-25,29,-510
1608,-25,29,-513
1609,-26,27,-510
1611,-26,28,-508
1613,-25,27,-509
1615,-24,28,-511
1617,-21,28,-510
1619,-24,29,-510
1622,-24,29,-511
1624,-23,26,-509
1625,-22,29,-509
1627,-23,27,-512
1629,-24,30,-511
1631,-24,27,-508
1633,-22,30,-510
1635,-26,31,-510
1637,-26,27,-508
1639,-24,27,-513
1640,-28,29,-511
1642,-24,26,-511
1644,-20,28,-511
1646,-23,27,-510
1648,-24,26,-511
1650,-25,30,-508
1652,-23,27,-509
1654,-23,29,-513
1655,-23,27,-511
1657,-23,30,-510
1659,-25,29,-510
1661,-24,27,-512
1664,-22,28,-511
1666,-25,27,-512
1668,-25,26,-509
1669,-24,25,-509
1671,-21,27,-511
1673,-22,28,-509
1675,-22,28,-510
1677,-23,30,-509
1679,-25,26,-512
1681,-25,27,-513
1683,-27,30,-509
1684,-22,27,-510
1686,-24,26,-511
1688,-23,31,-506
1690,-26,29,-510
1692,-24,28,-512
1694,-25,29,-509
1696,-24,29,-511
1698,-24,29,-510
1699,-23,27,-510
1701,-27,25,-511
1703,-25,27,-512
1705,-23,25,-509
1708,-25,27,-511
1710,-24,31,-511
1712,-25,30,-509
1713,-25,33,-511
1715,-23,26,-510
1717,-25,27,-510
1719,-24,30,-512
1721,-26,27,-510
1723,-23,30,-512
1725,-23,27,-512
1727,-24,26,-511
1728,-25,26,-508
1730,-26,27,-510
1732,-24,29,-506
1734,-25,28,-510
1736,-25,26,-510
1738,-25,28,-511
1740,-22,27,-510
1742,-23,25,-509
1743,-23,29,-507
1745,-25,26,-510
1747,-25,28,-513
1750,-25,31,-510
1752,-24,29,-508
1754,-23,28,-510
1756,-24,29,-510
1757,-29,28,-510
1759,-23,27,-509
1761,-20,28,-509
1763,-25,27,-511
1765,-23,27,-511
1767,-24,26,-511
1769,-24,28,-512
1771,-24,28,-511
1772,-25,30,-509
1774,-23,30,-511
1776,-24,26,-509
1778,-24,27,-510
1780,-22,26,-512
1782,-26,28,-511
1784,-24,26,-512
1786,-24,29,-511
1787,-25,28,-511
1789,-24,27,-509
1792,-24,30,-512
1794,-23,27,-513
1796,-22,26,-513
1798,-21,26,-509
1800,-25,29,-509
1802,-25,30,-510
1803,-21,29,-508
1805,-23,28,-509
1807,-26,28,-510
1809,-24,30,-510
1811,-29,27,-513
1813,-24,25,-507
1815,-26,27,-508
1817,-25,27,-510
1818,-24,29,-510
1820,-22,26,-511
1822,-24,26,-511
1824,-24,28,-509
1826,-20,28,-511
1828,-24,27,-507
1830,-24,26,-511
1831,-23,28,-511
1833,-25,26,-510
1836,-21,27,-511
1838,-25,32,-510
1840,-26,31,-510
1842,-25,26,-510
1844,-24,29,-511
1846,-23,30,-510
1847,-25,28,-510
1849,-25,29,-510
1851,-25,29,-511
1853,-26,29,-512
1855,-25,29,-508
1857,-23,26,-511
1859,-25,27,-512
1861,-24,30,-512
1862,-21,28,-508
1864,-26,26,-509
1866,-24,30,-513
1868,-21,26,-507
1870,-25,25,-511
1872,-23,30,-511
1874,-23,26,-514
1876,-24,27,-508
1878,-24,28,-507
1880,-23,28,-509
1882,-24,29,-506
1884,-25,27,-512
1886,-26,28,-511
1888,-24,30,-512
1890,-23,29,-511
1891,-24,29,-511
1893,-24,28,-513
1895,-22,26,-512
1897,-22,28,-513
1899,-25,27,-509
1901,-22,28,-513
1903,-26,27,-509
1905,-24,27,-506
1906,-25,26,-508
1908,-24,26,-509
1910,-25,28,-509
1912,-26,26,-510
1914,-23,27,-511
1916,-24,27,-510
1918,-24,28,-509
1921,-24,26,-510
1922,-23,28,-511
1924,-23,26,-510
1926,-28,27,-510
1928,-21,26,-512
1930,-22,29,-509
1932,-22,28,-511
1934,-22,27,-510
1935,-24,28,-512
1937,-24,27,-510
1939,-24,26,-507
1941,-22,27,-511
1943,-23,27,-511
1945,-22,30,-508
1947,-22,29,-510
1949,-27,31,-508
1950,-26,28,-510
1952,-22,28,-512
1954,-23,31,-507
1956,-27,31,-509
1958,-23,29,-513
1960,-22,30,-511
1963,-24,33,-507
1965,-25,27,-509
1966,-23,27,-510
1968,-27,25,-511
1970,-24,29,-510
1972,-23,29,-508
1974,-24,32,-509
1976,-24,28,-511
1978,-25,30,-509
1980,-27,28,-510
1981,-24,28,-511
1983,-25,28,-509
1985,-28,31,-511
1987,-23,30,-509
1989,-25,30,-507
1991,-24,27,-510
1993,-25,27,-509
1994,-21,26,-510
1996,-24,29,-510
1998,-26,26,-511
2000,-24,27,-507
2002,-23,30,-511
2004,-24,26,-509
2007,-25,27,-512
2009,-23,30,-510
2010,-24,30,-511
2012,-24,27,-511
2014,-25,27,-512
2016,-23,28,-512
2018,-24,30,-509
2020,-24,30,-511
2022,-24,28,-511
2024,-23,29,-509
2025,-22,28,-511
2027,-24,26,-510
2029,-23,26,-509
2031,-23,30,-510
2033,-25,26,-513
2035,-23,27,-512
2037,-23,28,-509
2039,-24,30,-510
2040,-25,28,-511
2042,-25,27,-510
2044,-21,29,-511
2046,-23,29,-510
2049,-24,29,-512
2051,-25,28,-508
2053,-23,30,-511
2054,-24,28,-511
2056,-23,29,-511
2058,-27,26,-509
2060,-23,28,-511
2062,-22,30,-511
2064,-23,29,-509
2066,-24,29,-509
2068,-25,30,-510
2069,-25,28,-512
2071,-23,30,-509
2073,-26,27,-509
2075,-23,30,-511
2077,-25,27,-507
2079,-24,28,-508
2081,-26,28,-511
2083,-23,29,-508
2084,-25,27,-508
2086,-25,27,-513
2088,-21,27,-511
2091,-23,30,-511
2093,-25,28,-511
2095,-24,27,-514
2097,-24,30,-508
2099,-24,29,-511
2100,-28,29,-508
2102,-26,32,-508
2104,-23,29,-512
2106,-24,29,-507
2108,-24,26,-510
2110,-22,27,-507
2112,-22,25,-508
2113,-21,25,-510
2115,-24,29,-511
2117,-24,29,-510
2119,-24,30,-512
2121,-25,27,-509
2123,-29,28,-510
2125,-26,26,-510
2127,-24,32,-510
2128,-24,25,-509
2130,-22,30,-511
2132,-24,27,-511
2135,-24,29,-509
2137,-25,28,-509
2139,-24,30,-509
2141,-26,28,-505
2143,-23,28,-513
2144,-23,27,-510
2146,-23,29,-513
2148,-23,26,-509
2150,-26,30,-512
2152,-24,27,-513
2154,-23,29,-510
2156,-24,32,-507
2157,-25,29,-507
2159,-23,27,-509
2161,-22,26,-508
2163,-23,29,-512
2165,-24,26,-509
2167,-21,32,-511
2169,-23,28,-511
2171,-25,29,-511
2172,-25,29,-509
2174,-22,26,-512
2177,-24,27,-512
2179,-24,25,-509
2181,-24,30,-507
2183,-25,28,-511
2185,-23,28,-513
2187,-24,30,-509
2188,-24,28,-511
2190,-24,27,-509
2192,-23,28,-510
2194,-25,25,-510
2196,-26,33,-508
2198,-23,26,-510
2200,-24,29,-511
2202,-25,29,-509
2203,-25,29,-511
2205,-26,31,-511
2207,-25,29,-510
2209,-23,27,-506
2211,-24,26,-510
2213,-25,27,-509
2215,-26,29,-509
2217,-26,29,-510
2219,-25,27,-511
2221,-25,29,-509
2223,-27,29,-509
2225,-25,28,-511
2227,-25,28,-510
2229,-24,26,-509
2231,-24,27,-509
2232,-26,27,-510
2234,-24,30,-509
2236,-29,30,-509
2238,-25,27,-509
2240,-24,27,-511
2242,-24,25,-512
2244,-26,30,-512
2246,-26,30,-510
2247,-22,25,-509
2249,-25,28,-510
2251,-26,28,-510
2253,-24,30,-512
2255,-25,27,-513
2257,-25,29,-512
2259,-26,29,-511
2262,-24,31,-508
2263,-23,26,-510
2265,-22,28,-512
2267,-24,33,-510
2269,-23,30,-510
2271,-26,27,-509
2273,-25,27,-508
2275,-24,31,-511
2276,-22,27,-511
2278,-25,25,-510
2280,-23,26,-509
2282,-27,26,-510
2284,-26,27,-509
2286,-25,27,-507
2288,-24,27,-511
2290,-24,28,-514
2291,-21,27,-513
2293,-22,29,-511
2295,-23,28,-508
2297,-23,28,-510
2299,-23,28,-511
2301,-24,28,-511
2304,-25,30,-509
2306,-25,26,-514
2307,-24,33,-512
2309,-25,29,-510
2311,-25,26,-510
2313,-26,29,-508
2315,-25,26,-510
2317,-24,26,-509
2319,-22,31,-510
2321,-22,27,-507
2322,-25,29,-510
2324,-23,28,-509
2326,-25,27,-508
2328,-24,27,-508
2330,-25,28,-511
2332,-24,27,-509
2334,-26,28,-509
2335,-25,31,-510
2337,-24,26,-513
2339,-24,29,-511
2341,-22,28,-510
2343,-24,27,-510
2345,-24,28,-508
2348,-24,26,-508
2350,-23,25,-511
2351,-22,30,-511
Accel reponse timeout: 4
2365,-23,28,-511
2367,-23,26,-512
2369,-26,30,-510
2370,-22,27,-509
2372,-28,26,-510
2374,-24,27,-510
2376,-24,29,-510
2378,-21,29,-512
2380,-23,26,-511
2382,-24,28,-512
2384,-25,27,-509
2385,-25,31,-512
2387,-27,27,-512
2390,-21,28,-510
2392,-22,29,-511
2394,-24,26,-511
2396,-22,26,-507
2398,-25,29,-512
2399,-24,30,-508
2401,-24,29,-511
2403,-22,28,-514
2405,-24,29,-510
2407,-21,29,-510
2409,-25,28,-510
2411,-25,27,-509
2413,-25,29,-510
2414,-24,26,-512
2416,-22,30,-510
2418,-28,28,-510
2420,-26,30,-509
2422,-26,28,-511
2424,-26,29,-510
2426,-22,28,-512
2428,-22,30,-511
2429,-22,29,-510
2432,-24,28,-509
2434,-24,32,-509
2436,-25,29,-511
2438,-24,27,-511
2440,-24,28,-510
2442,-25,29,-510
2443,-23,28,-511
2445,-24,29,-511
2447,-22,30,-506
2449,-22,27,-513
2451,-26,27,-510
2453,-26,27,-513
2455,-25,26,-512
2457,-24,30,-510
2458,-25,30,-512
2460,-26,30,-510
2462,-24,27,-508
2464,-25,27,-509
2466,-22,27,-508
2468,-26,28,-509
2470,-22,30,-510
2472,-26,28,-510
Accel reponse timeout: 5
2485,-22,29,-509
2487,-23,31,-511
2489,-24,29,-510
2490,-24,27,-510
2492,-25,26,-511
2494,-24,27,-511
2496,-23,26,-509
2498,-25,30,-510
2500,-24,28,-510
2502,-25,27,-511
2504,-24,31,-507
2505,-23,29,-480
2507,-21,37,-449
2509,-24,25,-505
2511,-12,29,-530
2513,-16,17,-555
2515,-11,15,-536
2518,6,27,-494
2519,199,90,-475
2521,66,-9,-176
2523,-104,66,-441
2525,-114,3,-517
2527,-23,46,-557
2529,-28,-1,-549
2531,-20,23,-567
2533,-30,34,-586
2534,-23,44,-547
2536,-38,34,-490
2538,-45,37,-455
2540,-38,37,-507
2542,-41,38,-492
2544,-31,20,-533
2546,-39,28,-560
2547,-18,28,-553
2549,-45,19,-489
2551,-40,28,-481
2553,-42,28,-474
2555,-38,33,-470
2557,-37,35,-497
2560,-13,10,-515
2562,51,32,-549
2563,-13,25,-528
2565,-44,45,-533
2567,-676,20,-1214
2569,440,120,-650
2571,130,117,-275
2573,-75,-26,-387
2575,-120,-53,-436
2577,-22,86,-645
2579,-5,46,-555
2581,-18,-44,-481
2582,-50,-60,-615
2584,19,65,-503
2586,8,71,-355
2588,-31,69,-408
2590,-32,26,-426
2592,-15,43,-383
2594,3,50,-491
2595,-5,20,-555
2597,-6,6,-557
2599,2,0,-474
2601,-4,1,-478
2604,-15,24,-532
2605,-13,26,-505
2607,-7,-5,-504
2609,-18,4,-545
2611,-8,24,-534
2613,-6,13,-526
2615,-8,27,-523
2616,-15,37,-519
2618,-21,47,-485
2620,-24,55,-488
2622,-35,28,-508
2624,-12,-13,-558
2626,-31,-16,-501
2628,-44,-12,-588
2629,-53,17,-573
2631,-46,18,-528
2633,-49,8,-540
2635,-51,19,-528
2637,-160,74,-423
2639,-66,32,-517
2641,-22,35,-517
2643,-48,49,-535
2644,-42,33,-526
2647,-23,50,-495
2649,-31,38,-499
2651,-35,29,-496
2653,-36,35,-505
2655,-29,30,-514
2657,-23,19,-531
2659,-17,13,-550
2660,-16,17,-549
2662,-9,18,-496
2664,-22,31,-515
2666,16,29,-644
2668,-181,174,-543
2670,-2,118,-490
2672,60,50,-434
2674,-52,25,-493
2675,-26,39,-496
2677,-11,28,-491
2679,-13,29,-494
2681,-17,17,-487
2683,-22,22,-493
2685,-17,18,-492
2688,-18,18,-507
2689,-18,17,-509
2691,-19,18,-510
2693,-17,32,-505
2695,-18,36,-492
2697,-19,38,-482
2699,-20,42,-485
2701,-21,41,-490
2703,-18,40,-492
2704,-22,36,-524
2706,-22,32,-511
2708,86,4,-512
2710,-33,-17,-534
2712,-40,35,-536
2714,-25,20,-517
2716,-25,26,-510
2717,-31,33,-544
2719,-30,31,-540
2721,7,25,-484
2723,-97,-22,-718
2725,-116,26,-647
2727,-39,61,-433
2729,-32,50,-487
2732,-49,86,-502
2733,-22,76,-427
2735,2,63,-445
2737,-10,52,-538
2739,-35,16,-574
2741,-41,4,-484
2743,-22,-19,-452
2745,-37,0,-504
2746,-10,-72,-483
2748,56,-96,-551
2750,-88,-54,-565
2752,-24,16,-590
2754,16,54,-481
2756,4,31,-496
2758,12,50,-424
2759,-3,46,-412
2761,3,66,-442
2763,7,54,-480
2765,-15,21,-513
2767,10,32,-518
2769,-8,13,-556
2770,-7,7,-576
2772,-16,-8,-555
2775,-25,-10,-542
2777,-31,3,-521
2779,-22,23,-514
2781,-26,29,-498
2782,-23,37,-508
2784,-19,44,-509
2786,-24,48,-504
2788,-46,62,-503
2790,-35,54,-484
2792,-39,34,-496
2794,-46,29,-504
2796,-55,16,-511
2797,-46,12,-544
2799,-43,5,-548
2801,-41,6,-579
2803,-29,3,-555
2805,-46,4,-540
2807,-34,21,-524
2808,-30,32,-497
2810,-27,44,-491
2812,-22,49,-494
2814,-20,45,-500
2817,-17,42,-514
2819,-18,38,-523
2821,-21,34,-520
2823,-23,26,-518
2824,-24,11,-521
2826,-31,7,-529
2828,-28,3,-535
2830,-24,8,-534
2832,-15,17,-531
2834,-16,24,-517
2835,-18,34,-502
2837,-17,36,-491
2839,-21,50,-435
2841,-18,48,-536
2843,-17,18,-525
2845,-284,182,-725
2847,17,-3,-684
2849,-8,-48,-501
2850,-94,-4,-542
2852,-16,22,-506
2854,-30,6,-522
2856,-18,11,-489
2859,-19,7,-508
2861,-21,16,-504
2863,-20,25,-502
2864,-17,32,-504
2866,-15,43,-493
2868,-16,46,-495
2870,-19,46,-493
2872,-23,43,-492
2874,-25,34,-506
2876,-26,33,-511
2878,-25,22,-530
2879,-25,19,-536
2881,-32,15,-539
2883,-32,19,-536
2885,-35,18,-532
2887,-35,24,-524
2889,-28,35,-517
2891,-40,35,-525
2892,-30,52,-532
2894,-25,38,-510
2896,-30,44,-508
2898,-29,40,-506
2900,-32,36,-506
2903,-31,26,-513
2905,-34,23,-515
2907,-33,18,-523
2908,-32,14,-534
2910,-26,12,-540
2912,-26,15,-528
2914,-26,21,-511
2916,-25,28,-503
2918,-49,-2,-626
2920,-35,14,-578
2921,-5,116,-260
2923,-50,41,-372
2925,-67,9,-502
2927,-57,10,-610
2929,-3,11,-521
2931,-20,3,-525
2933,-31,-8,-574
2934,-6,4,-513
2936,-12,23,-426
2938,-23,35,-474
2940,52,-89,-529
2942,-85,-16,-497
2945,21,-64,-463
2947,8,12,-515
2948,-59,27,-516
2950,-8,17,-496
2952,2,31,-521
2954,-11,23,-517
2956,-20,18,-485
2958,-19,5,-487
2959,-22,13,-527
2961,-16,18,-516
2963,-17,16,-532
2965,-13,18,-553
2967,-12,31,-530
2969,-21,40,-511
2971,-29,36,-491
2973,-32,41,-502
2974,-38,37,-509
2976,-36,33,-513
2978,-37,23,-541
2980,-33,27,-530
2982,-37,24,-539
2984,-42,27,-527
2987,-47,21,-514
2988,-47,22,-509
2990,-45,27,-516
2992,-38,27,-519
2994,-34,35,-518
2996,-30,35,-520
2998,-32,36,-517
3000,-31,38,-505
3002,-34,37,-496
3003,-31,39,-489
3005,-29,37,-502
3007,-23,30,-517
3009,-20,21,-524
3011,-17,22,-535
3013,-13,22,-528
3015,-16,24,-507
3017,-18,19,-509
3018,-22,26,-498
3020,-19,30,-496
3022,-17,21,-478
3024,34,29,-507
3026,-8,27,-509
3028,-22,36,-503
3031,-12,34,-493
3032,-12,26,-492
3034,-19,27,-489
3036,-22,25,-493
3038,-19,30,-446
3040,-21,26,-389
3042,-14,16,-601
3044,-22,22,-590
3046,-8,2,-523
3047,11,55,-533
3049,-42,19,-537
3051,-17,43,-477
3053,-29,43,-421
3055,-43,98,-480
3057,-10,49,-556
3059,-1,50,-565
3060,-9,23,-556
3062,-12,22,-580
3064,-19,35,-568
3066,-30,36,-540
3068,-46,32,-479
3070,-54,30,-486
3073,-45,39,-521
3074,-22,27,-529
3076,-59,21,-533
3078,-28,28,-536
3080,-25,45,-544
3082,-34,34,-481
3084,-44,42,-476
3086,-51,30,-502
3087,-21,75,-453
3089,-66,19,-509
3091,-37,40,-515
3093,-31,21,-524
3095,-188,-467,-701
3097,-69,119,-326
3099,-188,69,-303
3102,26,21,-310
3103,-73,-22,-850
3105,-32,95,-582
3107,64,19,-439
3109,10,-55,-606
3111,-16,-28,-594
3113,21,54,-394
3116,23,29,-366
3118,-27,53,-430
3119,-34,18,-413
3121,-9,46,-388
3123,-2,25,-464
3125,-1,21,-574
3127,17,3,-525
3129,12,5,-454
3130,-9,-7,-510
3132,-8,10,-514
3134,-2,30,-498
3136,-5,13,-498
3138,-11,5,-529
3139,2,20,-518
3141,2,30,-517
3143,2,34,-534
3145,-7,36,-509
3147,-15,30,-481
3149,-30,107,-397
3150,-46,66,-637
3152,-49,47,-542
3154,-33,15,-535
3156,-35,-3,-570
3159,-46,24,-563
3161,-46,28,-532
3163,-252,63,-622
3165,-49,6,-452
3166,-54,-1,-515
3168,-59,30,-550
3170,-50,17,-519
3172,-46,35,-538
3174,-37,35,-522
3176,-38,39,-506
3178,-41,36,-509
3179,-39,37,-509
3181,-36,37,-519
3183,-34,25,-531
3185,-30,20,-554
3187,-35,20,-543
3189,-10,20,-442
3191,345,-336,-334
3193,-4,353,-669
3195,-9,160,-457
3196,86,34,-451
3198,-18,67,-523
3201,-35,46,-494
3203,-16,55,-515
3205,-10,37,-509
3207,-15,33,-491
3209,-15,28,-498
3211,-15,32,-486
3212,-14,17,-486
3214,-21,22,-493
3216,-18,18,-492
3218,-12,18,-502
3220,-14,23,-498
3222,-16,26,-497
3224,-11,35,-482
3225,-12,42,-479
3227,-14,39,-477
3229,-66,86,-538
3231,-4,53,-492
3233,-22,32,-506
3235,-20,28,-507
3237,-23,30,-538
3239,-34,43,-484
3240,-32,33,-506
3243,47,-31,-475
3245,-266,-68,-599
3247,-132,-88,-688
3249,-104,2,-465
3251,-46,59,-470
3253,-50,79,-492
3255,-20,79,-463
3256,-3,75,-431
3258,-25,61,-489
3260,-33,20,-576
3262,-36,8,-523
3264,-39,69,-424
3266,35,-50,-519
3268,-70,34,-515
3269,-38,18,-545
3271,-3,-3,-533
3273,-12,32,-566
3275,-8,52,-527
3277,2,44,-492
3279,-5,49,-461
3280,-7,63,-429
3282,1,64,-450
3284,7,43,-450
3287,-9,34,-498
3289,-3,28,-513
3291,-9,25,-559
3292,-11,3,-574
3294,-15,-7,-547
3296,-30,-17,-534
3298,-26,-9,-524
3300,-32,7,-513
3302,-24,20,-505
3303,-22,30,-500
3305,-31,30,-507
3307,-22,51,-492
3309,-22,55,-479
3311,-28,56,-475
3313,-37,52,-478
3315,-45,32,-483
3317,-38,25,-521
3318,-38,8,-512
3320,-40,-1,-540
3322,-36,0,-564
3324,-32,-4,-549
3326,-35,4,-541
3329,-32,7,-515
3330,-29,27,-495
3332,-24,38,-488
3334,-17,46,-491
3336,-15,49,-493
3338,-14,46,-506
3340,-17,44,-515
3342,-18,38,-509
3343,-19,34,-517
3345,-22,14,-523
3347,-24,3,-533
3349,-29,-1,-539
3351,-27,5,-541
3353,-24,11,-549
3355,-24,14,-527
3356,-31,16,-552
3358,-1,24,-515
3360,-110,103,-573
3362,-279,81,-410
3364,6,72,-477
3366,28,30,-478
3368,-46,21,-499
3371,-21,28,-510
3372,-22,23,-498
3374,-26,20,-514
3376,-29,6,-514
3378,-31,7,-518
3380,-25,8,-517
3382,-21,20,-515
3384,-22,24,-518
3385,-21,34,-505
3387,-22,40,-505
3389,-18,47,-493
3391,-18,49,-484
3393,-20,43,-493
3395,-22,43,-499
3397,-22,32,-513
3398,-21,29,-518
3400,-32,18,-534
3402,-25,14,-526
3404,-32,12,-493
3406,-34,15,-539
3408,-31,15,-519
3410,-36,22,-511
3412,-30,30,-515
3414,-29,38,-515
3416,-26,41,-498
3418,-29,42,-501
3420,-21,49,-497
3422,-30,40,-495
3424,-28,33,-519
3426,-28,25,-521
3428,-28,21,-521
3429,-28,119,-935
3431,151,-33,-456
3434,67,106,-452
3436,-45,33,-436
3438,-73,16,-467
3440,-29,60,-554
3442,-26,58,-519
3443,-26,9,-516
3445,-32,-4,-576
3447,-6,52,-508
3449,-12,60,-426
3451,-34,36,-463
3453,-182,-98,-511
3456,-117,-57,-295
3457,6,28,-465
3459,-62,-17,-527
3461,-5,33,-537
3463,7,-12,-525
3465,-35,-5,-553
3467,-18,30,-507
3469,-20,14,-495
3470,-17,28,-482
3472,-18,18,-504
3474,-6,36,-505
3476,-8,25,-510
3478,-10,35,-543
3480,-12,32,-510
3482,-18,35,-503
3483,-23,36,-505
3485,-37,25,-521
3487,-38,30,-510
3489,-40,14,-539
3491,-36,17,-550
3493,-34,19,-538
3495,-36,21,-526
3496,-41,28,-519
3499,-43,35,-500
3501,-41,34,-492
3503,-37,38,-503
3505,-33,39,-506
3507,-32,36,-511
3509,-30,36,-514
3511,-34,33,-522
3512,-29,28,-526
3514,-34,25,-508
3516,-33,24,-506
3518,-29,20,-512
3520,-27,22,-517
3522,-22,17,-528
3524,-14,23,-536
3526,-9,30,-515
3527,22,69,-519
3529,-76,35,-551
3531,-20,60,-471
3533,-12,39,-488
3535,-19,39,-469
3537,-12,44,-350
3539,-4,46,-531
3540,-17,29,-570
3543,14,12,-533
3545,18,-59,-594
3547,-54,23,-512
3549,-44,26,-563
3551,-25,27,-417
3553,-22,38,-388
3554,-42,37,-502
3556,-25,50,-563
3558,-16,36,-550
3560,3,31,-567
3562,-10,31,-600
3564,-17,41,-564
3566,-20,48,-480
3568,-57,41,-476
3569,-23,15,-473
3571,-55,26,-533
3573,-53,3,-564
3575,-43,13,-586
3577,-26,-28,-705
3579,92,25,-346
3581,-97,-47,-496
3582,-813,-150,-1028
3585,157,202,-665
3588,122,236,-93
3590,-57,-96,-578
3592,-110,24,-962
3594,-21,91,-564
3596,47,-2,-361
3598,-39,-73,-597
3599,-51,-21,-562
3601,7,57,-369
3603,-1,63,-373
3605,-27,26,-435
3607,-37,18,-413
3609,-1,42,-392
3611,10,36,-473
3612,12,10,-539
3614,33,-3,-470
3616,22,1,-471
3618,3,-3,-514
3620,10,14,-517
3622,10,10,-493
3623,7,-14,-556
3625,5,0,-533
3628,10,11,-515
3630,10,15,-516
3632,3,20,-515
3634,-51,59,-462
3635,-16,85,-385
3637,-27,45,-539
3639,-18,62,-499
3641,-137,-109,-357
3643,-23,69,-618
3645,-61,-2,-497
3647,-44,5,-510
3649,-37,34,-494
3650,-89,299,-251
3652,170,-306,-798
3654,-93,102,-428
3656,-150,158,-586
3658,78,69,-381
3660,111,84,-565
3662,-7,73,-443
3664,-47,137,-484
3666,-42,33,-443
3668,27,31,-546
3670,-44,24,-551
3672,-53,20,-532
3674,-33,14,-568
3676,-25,34,-542
3678,-135,10,-603
3680,-12,20,-496
3682,-25,-1,-526
3684,-15,22,-496
3685,-26,34,-504
3687,-23,27,-521
3689,-23,49,-516
3691,-1,41,-508
3693,-4,45,-460
3695,42,16,-441
3697,-21,8,-459
3698,-55,43,-482
3700,-23,43,-520
3702,-9,-22,-604
3704,54,23,-350
3706,-17,33,-457
3708,-11,19,-483
3710,-7,38,-445
3712,-8,39,-496
3714,-9,52,-483
3716,26,16,-417
3718,25,75,-480
3720,-29,23,-500
3722,72,79,-384
3724,40,164,-493
3725,-36,60,-529
3727,-30,41,-554
3729,-42,2,-543
3731,-28,9,-513
3733,19,48,-570
3735,-30,37,-521
3737,-37,56,-550
3738,-64,7,-563
3740,-31,45,-503
3742,-12,23,-503
3744,-42,47,-511
3746,-46,43,-518
3748,-38,39,-524
3750,-37,34,-534
3751,-43,31,-549
3753,-42,32,-542
3756,-47,26,-532
3758,-38,22,-519
3760,-46,21,-518
3762,-43,25,-516
3764,-36,22,-534
3766,-47,27,-524
3767,-35,26,-539
3769,-26,28,-504
3771,12,5,-540
3773,-89,27,-551
3775,3,41,-473
3777,-25,24,-502
3779,-21,31,-494
3780,-15,18,-508
3782,-39,94,-573
3784,323,-108,-426
3786,23,37,-463
3788,-61,11,-503
3790,33,27,-450
3792,-3,-10,-480
3794,-24,4,-497
3795,-30,19,-484
3798,-15,16,-506
3800,-10,22,-496
3802,-40,17,-482
3804,72,58,-478
3806,-55,-66,-506
3808,3,45,-498
3809,-29,0,-506
3811,-28,7,-521
3813,-16,17,-504
3815,-20,15,-523
3817,-20,15,-513
3819,-25,17,-515
3821,-22,25,-502
3822,-25,29,-505
3824,-22,30,-505
3826,-28,28,-516
3828,-24,29,-515
3830,-26,25,-520
3832,-30,25,-523
3834,-32,26,-519
3835,-35,25,-522
3837,-35,29,-523
3840,-35,25,-522
3842,-33,30,-526
3844,-37,24,-530
3846,-35,30,-527
3848,-39,34,-522
3850,-32,37,-518
3851,-32,31,-516
3853,-35,35,-514
3855,-34,37,-515
3857,-30,37,-516
3859,-28,32,-520
3861,-30,35,-516
3863,-30,32,-517
3865,-30,32,-518
3866,-26,29,-517
3868,-25,30,-511
3870,-26,32,-507
3872,-21,14,-498
3874,6,30,-517
3876,-25,28,-494
3878,-39,33,-501
3879,-13,37,-499
3881,-15,31,-495
3884,-18,34,-492
3886,-17,33,-493
3888,-15,36,-496
3890,-14,32,-504
3892,-16,29,-504
3894,-15,33,-499
3895,-20,33,-499
3897,-17,31,-500
3899,-17,30,-498
3901,-21,34,-501
3903,-19,33,-499
3905,-20,35,-501
3907,-17,32,-508
3909,-20,32,-507
3910,-21,34,-507
3912,-19,34,-505
3914,-26,33,-514
3916,-26,26,-511
3918,-25,28,-519
3920,-33,24,-520
3922,-31,30,-519
3923,-31,29,-521
3926,-31,28,-520
3928,-30,27,-518
3930,-33,28,-517
3932,-34,32,-518
3934,-32,32,-520
3936,-33,30,-521
3938,-31,29,-518
3939,-28,29,-520
3941,-32,25,-513
3943,-31,25,-518
3945,-31,27,-517
3947,-30,25,-516
3949,-28,23,-517
3951,-24,24,-515
3953,-25,24,-519
3954,-26,23,-515
3956,-25,23,-509
3958,-20,24,-505
3960,-23,25,-504
3962,-20,21,-507
3964,-20,24,-507
3966,-19,22,-502
3968,-20,22,-503
3970,-20,22,-505
3972,-18,19,-504
3974,-18,22,-502
3976,-21,20,-502
3978,-18,20,-503
3980,-18,21,-503
3982,-19,23,-503
3983,-16,21,-505
3985,-16,24,-503
3987,-17,23,-502
3989,-18,25,-503
3991,-19,24,-505
3993,-19,24,-503
3995,-19,24,-504
3997,-21,26,-507
3998,-21,23,-509
4000,-22,25,-513
4002,-25,26,-512
4004,-22,27,-516
4006,-25,27,-511
4008,-24,28,-514
4011,-29,27,-513
4012,-29,28,-514
4014,-28,29,-513
4016,-26,28,-515
4018,-31,33,-518
4020,-30,31,-517
4022,-31,33,-516
4024,-32,33,-515
4026,-32,30,-514
4027,-31,33,-518
4029,-33,32,-515
4031,-31,32,-517
4033,-30,33,-516
4035,-31,34,-516
4037,-25,30,-515
4039,-27,34,-511
4041,-26,34,-514
4042,-29,31,-512
4044,-24,32,-512
4046,-23,32,-512
4048,-25,33,-511
4050,-23,34,-510
4052,-21,30,-510
4055,-21,32,-510
4056,-21,31,-508
4058,-19,30,-508
4060,-22,30,-503
4062,-17,33,-507
4064,-18,34,-507
4066,-18,31,-501
4068,-20,33,-501
4070,-20,33,-503
4071,-17,33,-503
4073,-21,30,-501
4075,-20,33,-509
4077,-19,27,-504
4079,-21,27,-504
4081,-20,31,-500
4083,-24,32,-510
4085,-23,29,-505
4086,-21,30,-507
4088,-25,33,-508
4090,-23,28,-510
4092,-27,29,-510
4094,-24,31,-508
4097,-23,28,-511
4099,-26,28,-512
4101,-26,31,-512
4102,-26,28,-515
4104,-26,26,-514
4106,-27,26,-516
4108,-26,27,-517
4110,-26,28,-517
4112,-29,26,-516
4114,-28,24,-516
4115,-28,27,-513
4117,-29,26,-515
4119,-29,24,-517
4121,-27,23,-515
4123,-29,29,-515
4125,-26,29,-518
4127,-28,26,-515
4129,-23,23,-512
4130,-25,26,-511
4132,-27,24,-512
4134,-23,24,-508
4136,-26,25,-513
4139,-23,25,-509
4141,-25,24,-507
4143,-24,23,-508
4145,-21,26,-508
4146,-18,28,-511
4148,-19,25,-503
4150,-19,26,-501
4152,-20,24,-509
4154,-22,24,-503
4156,-19,24,-499
4158,-21,23,-508
4160,-31,91,-508
4161,-7,12,-510
4163,-24,36,-488
4165,-16,28,-505
4167,-25,29,-504
4169,-18,28,-508
4171,-20,32,-505
4173,-22,26,-505
4174,-20,26,-509
4176,-22,29,-505
4178,-23,28,-505
4180,-23,32,-507
4183,-24,23,-511
4185,-24,31,-512
4187,-24,30,-511
4189,-27,26,-511
4190,-26,29,-513
4192,-27,29,-514
4194,-25,30,-516
4196,-26,31,-516
4198,-27,32,-514
4200,-26,29,-514
4202,-27,30,-514
4203,-25,32,-513
4205,-30,36,-514
4207,-30,30,-513
4209,-27,32,-513
4211,-30,33,-516
4213,-28,32,-514
4215,-26,30,-515
4217,-25,30,-515
4218,-26,32,-514
4220,-29,31,-514
4222,-26,33,-510
4225,-25,30,-513
4227,-27,30,-512
4229,-25,29,-510
4231,-23,28,-509
4233,-24,28,-510
4234,-23,29,-509
4236,-22,27,-510
4238,-21,30,-507
4240,-22,28,-508
4242,-22,30,-506
4244,-20,28,-507
4246,-20,29,-506
4247,-21,31,-503
4249,-20,28,-506
4251,-20,25,-503
4253,-19,26,-507
4255,-21,33,-504
4257,-22,29,-509
4259,-24,30,-506
4261,-24,28,-505
4262,-22,25,-508
4264,-23,26,-507
4267,-25,27,-510
4269,-24,26,-508
4271,-22,24,-509
4273,-25,26,-510
4275,-26,26,-510
4277,-26,27,-511
4278,-25,28,-513
4280,-25,26,-512
4282,-25,25,-512
4284,-23,29,-511
4286,-27,28,-515
4288,-31,26,-514
4290,-28,26,-516
4292,-25,28,-516
4293,-28,27,-513
4295,-25,26,-514
4297,-27,27,-515
4299,-27,25,-513
4301,-25,27,-513
4303,-25,26,-515
4305,-24,26,-511
4306,-25,27,-513
4308,-25,29,-513
4311,-25,25,-511
4313,-24,29,-509
4315,-24,24,-510
4317,-23,24,-506
4319,-23,27,-511
4321,-24,26,-512
4322,-21,27,-509
4324,-24,29,-506
4326,-21,29,-507
4328,-20,29,-505
4330,-24,27,-507
4332,-21,29,-504
4334,-22,27,-508
4336,-21,28,-504
4337,-21,30,-505
4339,-20,31,-505
4341,-18,31,-508
4343,-21,33,-505
4345,-23,26,-504
4347,-23,31,-504
4349,-19,27,-509
4352,-19,29,-509
4353,-23,30,-507
4355,-23,28,-505
4357,-23,29,-509
4359,-24,31,-510
4361,-26,29,-512
4363,-24,31,-508
4365,-25,29,-513
4366,-25,31,-512
4368,-26,30,-508
4370,-26,32,-511
4372,-26,29,-514
4374,-26,34,-516
4376,-24,34,-514
4378,-25,34,-515
4380,-26,31,-513
4381,-29,29,-512
4383,-25,31,-511
4385,-25,29,-513
4387,-26,27,-512
4389,-28,33,-512
4391,-29,27,-514
4393,-28,28,-511
4396,-24,30,-510
4397,-25,31,-509
4399,-25,30,-511
4401,-24,28,-512
4403,-23,29,-507
4405,-25,30,-512
4407,-24,29,-509
4409,-25,27,-505
4411,-23,30,-509
4412,-21,27,-507
4414,-23,27,-509
4416,-22,28,-507
4418,-24,29,-507
4420,-21,26,-507
4422,-21,28,-509
4424,-24,26,-505
4425,-21,24,-507
4427,-22,30,-505
4429,-21,25,-508
4431,-31,22,-509
4433,-22,27,-509
4435,-19,24,-506
4438,-21,24,-510
4440,-23,25,-506
4441,-23,28,-510
4443,-22,27,-510
4445,-24,25,-508
4447,-24,26,-507
4449,-25,26,-510
4451,-26,26,-509
4453,-25,27,-512
4455,-25,26,-509
4456,-26,25,-514
4458,-27,26,-511
4460,-25,25,-511
4462,-25,28,-511
4464,-23,28,-512
4466,-26,26,-514
4468,-28,25,-514
4469,-25,26,-516
4471,-27,29,-515
4473,-28,29,-513
4475,-27,25,-512
4477,-25,28,-511
4480,-26,27,-513
4482,-26,25,-511
4484,-24,27,-512
4485,-25,28,-511
4487,-25,29,-507
4489,-27,27,-508
4491,-26,28,-506
4493,-22,27,-510
4495,-25,28,-510
4497,-23,31,-506
4499,-25,28,-498
4500,-21,28,-503
4502,-21,26,-514
4504,-22,26,-513
4506,-21,32,-504
4508,-19,33,-497
4510,-24,30,-495
4512,-23,28,-497
4514,-19,27,-513
4515,14,93,-519
4517,5,52,-522
4519,-10,63,-491
4521,9,39,-516
4524,-27,19,-503
4526,-21,39,-488
4527,-25,37,-460
4529,-3,19,-516
4531,-59,12,-514
4533,-12,20,-526
4535,-1,31,-513
4537,-24,37,-500
4539,-20,12,-493
4540,-26,26,-510
4542,-33,28,-516
4544,-27,29,-505
4546,-29,25,-517
4548,-31,23,-521
4550,-26,25,-525
4552,-27,29,-521
4554,-31,30,-508
4555,-31,27,-507
4557,-29,29,-510
4559,-28,30,-513
4561,-26,27,-519
4563,-25,28,-521
4566,-6,28,-520
4568,-26,30,-513
4570,-27,25,-505
4571,-27,25,-510
4573,-28,26,-511
4575,-24,26,-510
4577,-24,27,-514
4579,-23,24,-514
4581,-22,24,-511
4583,-18,27,-503
4584,-24,28,-503
4586,-21,26,-501
4588,-23,26,-500
4590,-21,25,-503
4592,-18,26,-509
4594,-22,26,-509
4596,-19,31,-508
4598,-21,25,-510
4599,-21,24,-504
